{
  "advancedEditorSelectedIdentifier" : "ProjectBrowser",
  "openSceneRelativePaths" : [
    "AAA_MainScene.usda"
  ],
  "recentIdentifiers" : {
    "02FBA60F-4D19-4325-8E4F-954A3266F601" : [

    ]
  },
  "sceneCameraHistory" : {
    "02FBA60F-4D19-4325-8E4F-954A3266F601" : [
      {
        "date" : 744885629.562763,
        "title" : "Untitled",
        "transform" : [
          0.508217,
          -5.3616915e-09,
          0.86122906,
          0,
          0.13961771,
          0.9867719,
          -0.08238933,
          0,
          -0.84983665,
          0.16211449,
          0.5014942,
          0,
          -4.1216598,
          3.3917208,
          6.421036,
          1
        ]
      },
      {
        "date" : 744885624.569966,
        "title" : "Untitled",
        "transform" : [
          0.8203126,
          1.3447803e-09,
          0.5719154,
          0,
          0.28123525,
          0.8707406,
          -0.40338278,
          0,
          -0.49798998,
          0.49174276,
          0.7142795,
          0,
          -4.1216598,
          3.3917208,
          6.421036,
          1
        ]
      },
      {
        "date" : 744885580.03055,
        "title" : "Untitled",
        "transform" : [
          0.898136,
          -7.1008754e-10,
          -0.43971768,
          0,
          -0.24772449,
          0.8262035,
          -0.50598437,
          0,
          0.36329636,
          0.5633717,
          0.74204326,
          0,
          7.3946013,
          8.555051,
          13.694925,
          1
        ]
      },
      {
        "date" : 744885574.768146,
        "title" : "Untitled",
        "transform" : [
          0.898136,
          -7.1008754e-10,
          -0.43971768,
          0,
          -0.24772449,
          0.8262035,
          -0.50598437,
          0,
          0.36329636,
          0.5633717,
          0.74204326,
          0,
          2.499721,
          2.603804,
          4.999299,
          1
        ]
      },
      {
        "date" : 744885571.729961,
        "title" : "Untitled",
        "transform" : [
          0.9992157,
          2.4064817e-09,
          -0.039596785,
          0,
          -0.012905833,
          0.9453935,
          -0.3256757,
          0,
          0.037434537,
          0.32593134,
          0.9446521,
          0,
          0.5578003,
          2.0185814,
          11.781815,
          1
        ]
      },
      {
        "date" : 744885568.647496,
        "title" : "Untitled",
        "transform" : [
          0.9992157,
          3.0219167e-09,
          -0.03959678,
          0,
          -0.012905833,
          0.9453935,
          -0.3256757,
          0,
          0.037434533,
          0.32593134,
          0.9446521,
          0,
          11.85884,
          46.412037,
          144.38249,
          1
        ]
      },
      {
        "date" : 744885565.63551,
        "title" : "Untitled",
        "transform" : [
          0.99921584,
          2.8035467e-09,
          -0.03959678,
          0,
          -0.012905829,
          0.94539356,
          -0.32567576,
          0,
          0.037434552,
          0.3259314,
          0.944652,
          0,
          0.051776316,
          0.39206758,
          1.0446655,
          1
        ]
      },
      {
        "date" : 744885545.103375,
        "title" : "Untitled",
        "transform" : [
          0.98430306,
          3.825857e-09,
          -0.17648648,
          0,
          -0.068567365,
          0.92144305,
          -0.38241497,
          0,
          0.16262224,
          0.38851342,
          0.9069792,
          0,
          24.849554,
          60.40406,
          130.89597,
          1
        ]
      },
      {
        "date" : 744885543.302863,
        "title" : "Untitled",
        "transform" : [
          0.98430306,
          3.825857e-09,
          -0.17648648,
          0,
          -0.068567365,
          0.92144305,
          -0.38241497,
          0,
          0.16262224,
          0.38851342,
          0.9069792,
          0,
          5.2105913,
          12.665856,
          27.44699,
          1
        ]
      },
      {
        "date" : 744885528.898781,
        "title" : "Untitled",
        "transform" : [
          0.98430306,
          3.825857e-09,
          -0.17648648,
          0,
          -0.068567365,
          0.92144305,
          -0.38241497,
          0,
          0.16262224,
          0.38851342,
          0.9069792,
          0,
          1.0451503,
          2.5405414,
          5.50537,
          1
        ]
      }
    ]
  },
  "sceneViewportBackgroundColors" : {

  },
  "selectedSceneRelativePath" : "AAA_MainScene.usda"
}